ARRIVAL_REQUEST_@TIME,SLICE_MEC_CPU_REQUEST,SLICE_MEC_RAM_REQUEST,SLICE_MEC_STORAGE_REQUEST,SLICE_MEC_BW_REQUEST,SLICE_RAN_R_REQUEST,SLICE_KILL_@TIME
0.014,2.0,16.0,20.0,25.0,35.0,7.014
0.031,4.0,12.0,64.0,30.0,50.0,7.031
0.062,4.0,8.0,25.0,15.0,40.0,5.062
0.065,2.0,4.0,8.0,5.0,10.0,3.065
0.18,4.0,8.0,25.0,15.0,40.0,3.18
0.2,2.0,16.0,20.0,25.0,35.0,4.2
0.202,2.0,4.0,10.0,10.0,5.0,7.202
0.264,1.0,2.0,5.0,2.0,8.0,11.264
0.307,4.0,8.0,16.0,25.0,28.0,11.307
0.316,4.0,4.0,16.0,20.0,25.0,11.316
0.333,2.0,16.0,20.0,25.0,35.0,3.333
0.341,2.0,16.0,20.0,25.0,35.0,5.341
0.35,4.0,16.0,64.0,30.0,54.0,9.35
0.367,4.0,8.0,20.0,14.0,30.0,7.367
0.372,2.0,16.0,20.0,25.0,35.0,4.372
0.446,1.0,2.0,5.0,2.0,8.0,5.446
0.46,4.0,8.0,25.0,15.0,40.0,1.46
0.473,2.0,4.0,10.0,8.0,15.0,12.473
0.503,4.0,16.0,64.0,30.0,54.0,12.503
0.511,2.0,4.0,8.0,5.0,10.0,2.511
0.538,2.0,4.0,10.0,10.0,5.0,8.538
0.588,1.0,2.0,5.0,2.0,8.0,16.588
0.589,4.0,8.0,32.0,20.0,45.0,8.589
0.681,4.0,8.0,25.0,15.0,40.0,3.681
0.685,4.0,4.0,16.0,20.0,25.0,16.685
0.759,1.0,2.0,5.0,2.0,8.0,9.759
0.76,1.0,2.0,5.0,2.0,8.0,9.76
0.813,4.0,8.0,25.0,15.0,40.0,6.813
0.849,4.0,8.0,20.0,14.0,30.0,8.849
0.872,4.0,8.0,16.0,25.0,28.0,14.872
0.914,4.0,8.0,32.0,20.0,45.0,8.914
0.959,2.0,4.0,10.0,10.0,5.0,10.959
0.992,4.0,8.0,16.0,25.0,28.0,4.992
1.026,4.0,8.0,32.0,20.0,45.0,12.026
1.026,2.0,4.0,8.0,5.0,10.0,2.026
1.044,1.0,2.0,5.0,2.0,8.0,11.044
1.064,2.0,16.0,20.0,25.0,35.0,3.064
1.125,2.0,4.0,8.0,5.0,10.0,6.125
1.137,4.0,8.0,32.0,20.0,45.0,8.137
1.152,4.0,8.0,16.0,25.0,28.0,14.152
1.219,4.0,12.0,64.0,30.0,50.0,11.219
1.22,2.0,16.0,20.0,25.0,35.0,4.22
1.222,2.0,4.0,10.0,8.0,15.0,10.222
1.224,4.0,8.0,16.0,25.0,28.0,8.224
1.232,4.0,8.0,20.0,14.0,30.0,10.232
1.244,1.0,2.0,5.0,2.0,8.0,10.244
1.302,2.0,16.0,20.0,25.0,35.0,3.302
1.319,4.0,8.0,16.0,25.0,28.0,10.319
1.335,2.0,4.0,8.0,5.0,10.0,5.335
1.341,4.0,12.0,64.0,30.0,50.0,8.341
1.347,4.0,12.0,64.0,30.0,50.0,6.347
1.385,4.0,4.0,16.0,20.0,25.0,12.385
1.401,2.0,4.0,8.0,5.0,10.0,5.401
1.477,2.0,4.0,8.0,5.0,10.0,2.477
1.5,4.0,8.0,25.0,15.0,40.0,11.5
1.507,2.0,4.0,10.0,10.0,5.0,9.507
1.605,4.0,8.0,25.0,15.0,40.0,3.605
1.605,4.0,4.0,16.0,20.0,25.0,11.605
1.681,4.0,12.0,64.0,30.0,50.0,16.681
1.691,4.0,8.0,16.0,25.0,28.0,9.691
1.75,1.0,2.0,5.0,2.0,8.0,10.75
1.754,4.0,8.0,20.0,14.0,30.0,3.754
1.774,4.0,16.0,64.0,30.0,54.0,5.774
1.786,2.0,4.0,8.0,5.0,10.0,5.786
1.79,4.0,4.0,16.0,20.0,25.0,8.79
1.801,2.0,4.0,8.0,5.0,10.0,4.801
1.821,2.0,4.0,8.0,5.0,10.0,4.821
1.825,2.0,4.0,8.0,5.0,10.0,3.825
1.966,4.0,12.0,64.0,30.0,50.0,5.966
2.024,4.0,8.0,16.0,25.0,28.0,10.024
2.066,4.0,16.0,64.0,30.0,54.0,10.066
2.075,1.0,2.0,5.0,2.0,8.0,18.075
2.106,2.0,4.0,10.0,10.0,5.0,16.106
2.187,1.0,2.0,5.0,2.0,8.0,14.187
2.187,2.0,16.0,20.0,25.0,35.0,6.187
2.194,2.0,4.0,10.0,10.0,5.0,10.194
2.194,2.0,16.0,20.0,25.0,35.0,5.194
2.242,4.0,8.0,20.0,14.0,30.0,8.242
2.261,1.0,2.0,5.0,2.0,8.0,17.261
2.356,2.0,4.0,10.0,10.0,5.0,12.356
2.363,4.0,16.0,64.0,30.0,54.0,7.363
2.394,4.0,16.0,64.0,30.0,54.0,11.394
2.441,2.0,4.0,10.0,8.0,15.0,11.441
2.451,4.0,8.0,16.0,25.0,28.0,11.451
2.452,2.0,16.0,20.0,25.0,35.0,5.452
2.456,1.0,2.0,5.0,2.0,8.0,16.456
2.506,4.0,4.0,16.0,20.0,25.0,16.506
2.519,4.0,8.0,25.0,15.0,40.0,4.519
2.556,1.0,2.0,5.0,2.0,8.0,13.556
2.586,2.0,4.0,10.0,8.0,15.0,13.586
2.664,4.0,8.0,20.0,14.0,30.0,9.664
2.672,2.0,4.0,8.0,5.0,10.0,2.672
2.689,4.0,8.0,25.0,15.0,40.0,4.689
2.769,2.0,16.0,20.0,25.0,35.0,5.769
2.798,4.0,8.0,25.0,15.0,40.0,5.798
2.889,4.0,16.0,64.0,30.0,54.0,10.889
2.911,4.0,8.0,32.0,20.0,45.0,9.911
2.944,2.0,16.0,20.0,25.0,35.0,5.944
2.958,4.0,8.0,16.0,25.0,28.0,12.958
2.974,2.0,4.0,10.0,10.0,5.0,17.974
3.005,4.0,8.0,20.0,14.0,30.0,6.005
3.019,2.0,4.0,10.0,8.0,15.0,10.019
3.043,4.0,8.0,25.0,15.0,40.0,4.043
3.079,1.0,2.0,5.0,2.0,8.0,9.079
3.1,4.0,8.0,20.0,14.0,30.0,4.1
3.109,4.0,8.0,25.0,15.0,40.0,4.109
3.147,4.0,8.0,32.0,20.0,45.0,13.147
3.217,4.0,8.0,16.0,25.0,28.0,18.217
3.219,2.0,4.0,10.0,8.0,15.0,10.219
3.244,4.0,8.0,25.0,15.0,40.0,3.244
3.278,4.0,12.0,64.0,30.0,50.0,22.278
3.283,4.0,16.0,64.0,30.0,54.0,12.283
3.361,4.0,12.0,64.0,30.0,50.0,11.361
3.367,4.0,4.0,16.0,20.0,25.0,14.367
3.372,2.0,16.0,20.0,25.0,35.0,7.372
3.373,2.0,4.0,8.0,5.0,10.0,6.373
3.393,1.0,2.0,5.0,2.0,8.0,21.393
3.41,2.0,4.0,10.0,8.0,15.0,13.41
3.448,2.0,4.0,10.0,8.0,15.0,15.448
3.451,1.0,2.0,5.0,2.0,8.0,10.451
3.482,2.0,4.0,10.0,10.0,5.0,13.482
3.519,2.0,4.0,8.0,5.0,10.0,8.519
3.571,4.0,8.0,16.0,25.0,28.0,13.571
3.611,2.0,4.0,8.0,5.0,10.0,8.611
3.644,4.0,8.0,25.0,15.0,40.0,4.644
3.656,2.0,4.0,10.0,8.0,15.0,13.656
3.758,2.0,4.0,10.0,10.0,5.0,18.758
3.781,1.0,2.0,5.0,2.0,8.0,12.781
3.816,2.0,4.0,10.0,10.0,5.0,14.816
3.909,4.0,8.0,20.0,14.0,30.0,5.909
3.965,1.0,2.0,5.0,2.0,8.0,16.965
3.978,2.0,4.0,10.0,10.0,5.0,9.978
4.045,4.0,16.0,64.0,30.0,54.0,13.045
4.073,4.0,8.0,25.0,15.0,40.0,4.073
4.083,2.0,4.0,10.0,8.0,15.0,13.083
4.088,2.0,4.0,10.0,8.0,15.0,14.088
4.256,2.0,4.0,8.0,5.0,10.0,5.256
4.308,2.0,4.0,10.0,8.0,15.0,19.308
4.402,4.0,16.0,64.0,30.0,54.0,14.402
4.414,4.0,8.0,20.0,14.0,30.0,11.414
4.442,4.0,8.0,25.0,15.0,40.0,7.442
4.482,2.0,4.0,8.0,5.0,10.0,5.482
4.501,4.0,8.0,25.0,15.0,40.0,7.501
4.557,1.0,2.0,5.0,2.0,8.0,9.557
4.567,4.0,8.0,16.0,25.0,28.0,11.567
4.573,1.0,2.0,5.0,2.0,8.0,12.573
4.632,2.0,4.0,10.0,10.0,5.0,13.632
4.648,2.0,4.0,10.0,8.0,15.0,14.648
4.673,4.0,8.0,20.0,14.0,30.0,13.673
4.688,2.0,4.0,8.0,5.0,10.0,7.688
4.742,2.0,4.0,8.0,5.0,10.0,6.742
4.778,4.0,12.0,64.0,30.0,50.0,6.778
4.813,2.0,4.0,8.0,5.0,10.0,7.813
4.814,2.0,4.0,10.0,10.0,5.0,13.814
4.831,4.0,8.0,25.0,15.0,40.0,5.831
4.863,2.0,16.0,20.0,25.0,35.0,14.863
4.864,4.0,8.0,25.0,15.0,40.0,7.864
4.875,4.0,8.0,16.0,25.0,28.0,12.875
4.929,2.0,4.0,10.0,8.0,15.0,21.929
5.009,2.0,4.0,8.0,5.0,10.0,8.009
5.013,4.0,8.0,16.0,25.0,28.0,15.013
5.021,4.0,8.0,16.0,25.0,28.0,18.021
5.067,4.0,8.0,32.0,20.0,45.0,12.067
5.069,4.0,8.0,32.0,20.0,45.0,12.069
5.075,2.0,4.0,10.0,8.0,15.0,15.075
5.076,4.0,8.0,25.0,15.0,40.0,7.076
5.107,2.0,16.0,20.0,25.0,35.0,10.107
5.116,1.0,2.0,5.0,2.0,8.0,22.116
5.118,1.0,2.0,5.0,2.0,8.0,13.118
5.158,4.0,16.0,64.0,30.0,54.0,15.158
5.281,2.0,4.0,10.0,8.0,15.0,14.281
5.302,4.0,16.0,64.0,30.0,54.0,12.302
5.377,2.0,4.0,10.0,10.0,5.0,13.377
5.388,2.0,4.0,8.0,5.0,10.0,6.388
5.421,4.0,8.0,20.0,14.0,30.0,9.421
5.441,2.0,4.0,10.0,10.0,5.0,16.441
5.509,2.0,4.0,10.0,10.0,5.0,17.509
5.532,4.0,16.0,64.0,30.0,54.0,11.532
5.541,4.0,16.0,64.0,30.0,54.0,17.541
5.565,2.0,4.0,8.0,5.0,10.0,9.565
5.606,2.0,4.0,8.0,5.0,10.0,9.606
5.637,2.0,4.0,10.0,10.0,5.0,18.637
5.641,2.0,4.0,8.0,5.0,10.0,8.641
5.673,4.0,16.0,64.0,30.0,54.0,15.673
5.717,4.0,8.0,16.0,25.0,28.0,18.717
5.724,4.0,8.0,25.0,15.0,40.0,7.724
5.727,4.0,8.0,25.0,15.0,40.0,9.727
5.753,4.0,8.0,16.0,25.0,28.0,22.753
5.756,1.0,2.0,5.0,2.0,8.0,10.756
5.799,2.0,4.0,8.0,5.0,10.0,6.799
5.817,4.0,8.0,16.0,25.0,28.0,16.817
5.847,4.0,8.0,16.0,25.0,28.0,11.847
5.888,2.0,4.0,8.0,5.0,10.0,8.888
5.894,2.0,16.0,20.0,25.0,35.0,16.894
5.91,4.0,8.0,25.0,15.0,40.0,8.91
5.915,4.0,8.0,25.0,15.0,40.0,6.915
6.033,4.0,8.0,16.0,25.0,28.0,20.033
6.087,4.0,8.0,16.0,25.0,28.0,12.087
6.094,2.0,4.0,8.0,5.0,10.0,9.094
6.107,4.0,8.0,16.0,25.0,28.0,15.107
6.116,4.0,8.0,25.0,15.0,40.0,6.116
6.131,4.0,16.0,64.0,30.0,54.0,13.131
6.331,4.0,12.0,64.0,30.0,50.0,21.331
6.367,2.0,4.0,8.0,5.0,10.0,7.367
6.391,4.0,8.0,16.0,25.0,28.0,15.391
6.413,1.0,2.0,5.0,2.0,8.0,15.413
6.474,4.0,8.0,32.0,20.0,45.0,18.474
6.489,2.0,4.0,10.0,8.0,15.0,15.489
6.509,1.0,2.0,5.0,2.0,8.0,21.509
6.563,2.0,4.0,8.0,5.0,10.0,9.563
6.578,4.0,12.0,64.0,30.0,50.0,17.578
6.582,1.0,2.0,5.0,2.0,8.0,15.582
6.624,2.0,4.0,10.0,8.0,15.0,14.624
6.644,1.0,2.0,5.0,2.0,8.0,22.644
6.665,4.0,8.0,20.0,14.0,30.0,10.665
6.673,4.0,8.0,16.0,25.0,28.0,15.673
6.749,4.0,16.0,64.0,30.0,54.0,15.749
6.771,4.0,8.0,25.0,15.0,40.0,10.771
6.837,2.0,4.0,8.0,5.0,10.0,8.837
6.859,4.0,8.0,20.0,14.0,30.0,17.859
6.895,4.0,8.0,16.0,25.0,28.0,19.895
6.957,2.0,16.0,20.0,25.0,35.0,12.957
6.995,2.0,4.0,8.0,5.0,10.0,8.995
7.003,4.0,8.0,32.0,20.0,45.0,13.003
7.026,1.0,2.0,5.0,2.0,8.0,15.026
7.045,4.0,12.0,64.0,30.0,50.0,12.045
7.062,4.0,12.0,64.0,30.0,50.0,13.062
7.078,4.0,8.0,25.0,15.0,40.0,10.078
7.091,1.0,2.0,5.0,2.0,8.0,16.091
7.095,1.0,2.0,5.0,2.0,8.0,18.095
7.109,4.0,8.0,16.0,25.0,28.0,17.109
7.168,4.0,8.0,16.0,25.0,28.0,22.168
7.224,2.0,16.0,20.0,25.0,35.0,12.224
7.24,2.0,16.0,20.0,25.0,35.0,9.24
7.264,4.0,8.0,25.0,15.0,40.0,11.264
7.274,2.0,4.0,10.0,8.0,15.0,16.274
7.294,4.0,8.0,32.0,20.0,45.0,11.294
7.31,1.0,2.0,5.0,2.0,8.0,17.31
7.323,4.0,8.0,25.0,15.0,40.0,9.323
7.386,2.0,16.0,20.0,25.0,35.0,10.386
7.39,4.0,8.0,16.0,25.0,28.0,18.39
7.397,2.0,16.0,20.0,25.0,35.0,16.397
7.42,2.0,4.0,10.0,10.0,5.0,19.42
7.453,2.0,4.0,8.0,5.0,10.0,8.453
7.547,2.0,4.0,8.0,5.0,10.0,11.547
7.587,4.0,8.0,25.0,15.0,40.0,7.587
7.64,4.0,16.0,64.0,30.0,54.0,22.64
7.65,2.0,4.0,8.0,5.0,10.0,11.65
7.703,4.0,12.0,64.0,30.0,50.0,15.703
7.733,2.0,4.0,10.0,10.0,5.0,21.733
7.811,4.0,4.0,16.0,20.0,25.0,11.811
7.859,2.0,4.0,10.0,8.0,15.0,22.859
7.879,2.0,16.0,20.0,25.0,35.0,11.879
7.885,4.0,8.0,16.0,25.0,28.0,17.885
7.94,1.0,2.0,5.0,2.0,8.0,12.94
7.962,2.0,4.0,10.0,8.0,15.0,11.962
7.965,4.0,8.0,16.0,25.0,28.0,14.965
7.977,4.0,8.0,32.0,20.0,45.0,18.977
7.988,4.0,8.0,25.0,15.0,40.0,10.988
7.997,4.0,4.0,16.0,20.0,25.0,18.997
8.025,2.0,4.0,8.0,5.0,10.0,15.025
8.056,4.0,8.0,20.0,14.0,30.0,10.056
8.059,2.0,4.0,10.0,10.0,5.0,16.059
8.065,4.0,8.0,20.0,14.0,30.0,10.065
8.075,2.0,4.0,10.0,10.0,5.0,21.075
8.089,4.0,4.0,16.0,20.0,25.0,20.089
8.097,4.0,16.0,64.0,30.0,54.0,16.097
8.112,2.0,4.0,10.0,8.0,15.0,13.112
8.182,4.0,4.0,16.0,20.0,25.0,21.182
8.201,2.0,4.0,10.0,8.0,15.0,19.201
8.205,2.0,16.0,20.0,25.0,35.0,10.205
8.26,1.0,2.0,5.0,2.0,8.0,19.26
8.262,2.0,4.0,10.0,10.0,5.0,20.262
8.275,4.0,16.0,64.0,30.0,54.0,11.275
8.278,4.0,8.0,25.0,15.0,40.0,11.278
8.286,4.0,8.0,32.0,20.0,45.0,13.286
8.295,4.0,12.0,64.0,30.0,50.0,22.295
8.337,4.0,8.0,25.0,15.0,40.0,12.337
8.357,4.0,8.0,16.0,25.0,28.0,19.357
8.382,2.0,4.0,10.0,8.0,15.0,17.382
8.421,4.0,8.0,20.0,14.0,30.0,10.421
8.516,4.0,16.0,64.0,30.0,54.0,17.516
8.529,4.0,4.0,16.0,20.0,25.0,15.529
8.602,1.0,2.0,5.0,2.0,8.0,18.602
8.605,4.0,12.0,64.0,30.0,50.0,13.605
8.615,1.0,2.0,5.0,2.0,8.0,18.615
8.637,4.0,8.0,20.0,14.0,30.0,8.637
8.641,2.0,4.0,10.0,8.0,15.0,24.641
8.68,4.0,16.0,64.0,30.0,54.0,18.68
8.7,4.0,8.0,25.0,15.0,40.0,10.7
8.715,2.0,4.0,10.0,8.0,15.0,15.715
8.819,4.0,4.0,16.0,20.0,25.0,21.819
8.87,2.0,16.0,20.0,25.0,35.0,12.87
8.89,2.0,4.0,10.0,10.0,5.0,20.89
8.894,2.0,4.0,8.0,5.0,10.0,9.894
8.927,4.0,8.0,20.0,14.0,30.0,12.927
8.938,4.0,16.0,64.0,30.0,54.0,17.938
8.986,4.0,4.0,16.0,20.0,25.0,12.986
9.025,4.0,8.0,32.0,20.0,45.0,17.025
9.035,1.0,2.0,5.0,2.0,8.0,14.035
